12265 123.46805923346568
12266 121.51887550092724
12267 120.30855015297256
12268 119.71092959598963
12269 117.41203968309162
12270 116.0158594226007
12271 114.89179833282206
12272 114.00266018036945
12273 112.80913247930863
12274 111.17472164592085
12275 109.54359123098689
12276 108.50592583525477
12277 107.44337958883705
12278 106.44410013666406
12279 104.17406228457612
12280 103.32877798010722
12281 102.26065476964908
12282 100.99178962795683
12283 99.5945165259713
12284 98.02640264439798
12285 149.65510828727028
12286 149.0563270726958
12287 147.30827170488473
12288 146.1661087952366
12289 144.802167772907
12290 142.60675406528165
12291 141.58954638774895
12292 139.96727188082718
12293 138.59540184387293
12294 137.95696846211274
12295 136.09982795543502
12296 134.46851890498016
12297 132.6262372297583
12298 131.37589200939829
12299 130.0025625266232
12300 128.9839509536717
12301 127.40587620252084
12302 126.04645065697805
12303 125.14706225643594
12304 123.6699233326545
12305 115.47192361255159
12306 113.48084322250965
12307 112.13598005193593
12308 111.07508631514749
12309 108.97872370370644
12310 108.4186948178507
12311 106.76278259262973
12312 105.60575505440666
12313 103.71732887787421
12314 102.16242000630433
12315 100.45872949272373
12316 99.38611338006746
12317 97.74596523935568
12318 96.03416247622192
12319 95.05637538383783
12320 93.93496678223377
12321 91.76478636672059
12322 90.46651904838825
12323 88.84845967989952
12324 87.95079955686356
12325 116.76827774846136
12326 115.7557206518202
12327 114.85897753067367
12328 113.46689278073843
12329 112.44841888809843
12330 111.43383426105471
12331 110.29556862817019
12332 109.02127713794629
12333 107.91626473009019
12334 106.48926255078568
12335 105.52445669859917
12336 104.49237732070208
12337 103.32655443086783
12338 101.92549119929298
12339 100.87183286643888
12340 99.82907196945708
12341 98.78421835994546
12342 97.44864288231507
12343 96.46264404053632
12344 95.2761846650968
12345 136.11594977965945
12346 135.06824346543718
12347 134.0853989529507
12348 132.65240573577506
12349 131.74838896370682
12350 130.53403331295516
12351 129.17833686876907
12352 128.1035299047637
12353 127.06007603683409
12354 125.70874408998398
12355 124.4868039880678
12356 123.2527182987521
12357 122.53383136040921
12358 121.21172138385072
12359 119.90592206598353
12360 118.97489131184818
12361 117.52264151197521
12362 116.65166672188438
12363 115.38181387524266
12364 114.39794721746487
12365 136.65595628515752
12366 135.60666242265106
12367 134.43771283227704
12368 133.29276107984774
12369 132.20404121018626
12370 130.89164095760307
12371 130.0440292314038
12372 128.62307581051206
12373 127.2207098698336
12374 126.41356335815378
12375 124.93544626590754
12376 123.92327255702439
12377 122.5997705985526
12378 121.73847029933606
12379 120.38104439888828
12380 119.43221936435414
12381 118.03172363598654
12382 116.75156166274343
12383 115.76986696900634
12384 114.66336033742509
12385 63.311475790020886
12386 62.59152109230463
12387 61.16176257246822
12388 59.85809203623966
12389 58.86674534494181
12390 57.01341365293517
12391 55.324682462025166
12392 53.81807047936619
12393 52.525965458986114
12394 51.64310946026719
12395 50.172018617498374
12396 48.60407541190912
12397 47.645296293089764
12398 46.255086097295695
12399 44.963377089630164
12400 43.43695491263354
12401 42.4752327133483
12402 40.75363468985213
12403 39.60808850355542
12404 37.7424972203141
12405 28.369214688570985
12406 27.042758664540656
12407 26.180759036207867
12408 24.49576018932772
12409 23.730075364536468
12410 22.60958612245159
12411 20.93196733688534
12412 20.039636187412874
12413 18.61340854685654
12414 17.394301644202933
12415 16.10114570455243
12416 14.262679378005387
12417 13.398067943302921
12418 11.653080556718486
12419 10.704184965216365
12420 9.159297979999604
12421 8.218624671780129
12422 6.893797129575606
12423 5.305140510662379
12424 4.32210610134386
12425 10.464336496412539
12426 8.706955096582071
12427 7.839464059353184
12428 6.574446408162246
12429 5.276692056291893
12430 3.9341355730363943
12431 3.0007664264997755
12432 1.3965981521417024
12433 0.11901964744029578
12434 359.4223790202354
12435 357.85557582354227
12436 356.66389022803435
12437 355.5181217420457
12438 353.7621878978688
12439 353.0477110793279
12440 351.80056836362684
12441 350.63287922647555
12442 349.0028935559804
12443 348.0732460503431
12444 347.1865060852196
12445 42.057725817549354
12446 40.6541184265571
12447 39.71653816483641
12448 38.604355166671056
12449 37.123830397142655
12450 36.13729089038931
12451 34.71188589592798
12452 33.39986907600643
12453 32.22488517242768
12454 30.857905499377082
12455 29.70382363048246
12456 28.393005781328586
12457 27.29783270984015
12458 25.955827757411026
12459 24.643603346401523
12460 23.371892248962418
12461 22.31701445375007
12462 21.436499099673867
12463 19.82840517771485
12464 18.721070756601883
12465 62.643354939239124
12466 61.20146493927663
12467 60.41481002243569
12468 58.914173494944116
12469 58.052226465366296
12470 56.57879970910332
12471 55.12351852620549
12472 54.22346082885585
12473 52.60357195830485
12474 51.788654046960296
12475 50.43361069229067
12476 49.066351171909226
12477 47.993673375239176
12478 46.49364954137213
12479 45.51548245369979
12480 44.109090022132975
12481 43.13927698069573
12482 41.53709607286866
12483 40.30267970345646
12484 39.14116699711405
12485 63.128972609034264
12486 61.872524863031245
12487 60.88015650395564
12488 59.713926944121006
12489 58.36447716868684
12490 57.02259718625976
12491 55.58097588482482
12492 54.86149396601408
12493 53.36796102325833
12494 52.25460141207635
12495 50.69412550586081
12496 49.49927716158652
12497 48.34511536637897
12498 47.24646174965349
12499 45.92548841520705
12500 44.860275030303406
12501 43.274875766951496
12502 42.285592905690756
12503 40.86230186369997
12504 40.083780167061555
12505 81.41388315756302
12506 80.46044835549003
12507 79.10700681506977
12508 78.19630657535981
12509 76.98396438876401
12510 75.98420718559323
12511 74.81147108631812
12512 73.76039778567325
12513 72.57252313938946
12514 71.42131803741457
12515 70.1886064593732
12516 69.16494054123454
12517 67.74059501951692
12518 66.71262615958781
12519 65.72188039083878
12520 64.34220473734173
12521 63.39484470503295
12522 62.12717322525589
12523 60.985608757307126
12524 59.910818850983375
12525 84.95980414565469
12526 83.70585624213057
12527 82.46848554202091
12528 81.11840282073268
12529 79.93624372318304
12530 79.17741060381462
12531 78.00605339837381
12532 76.47171294242744
12533 75.78936439612296
12534 74.27293257868385
12535 73.25192234502622
12536 71.98512685446526
12537 70.97940300521428
12538 69.89427801249069
12539 68.54933675292607
12540 67.49432491644765
12541 66.03788474911877
12542 65.35596527759193
12543 64.03248363190286
12544 62.55957186921014
12545 99.06479228125666
12546 97.7453341020057
12547 96.75330811000691
12548 95.31218482326646
12549 94.38529866465551
12550 92.99955992483687
12551 92.30667541089639
12552 90.59030065392042
12553 89.5284876725174
12554 88.31403243021971
12555 87.4575542583624
12556 86.34900795675382
12557 85.1311300285815
12558 83.89815735362286
12559 82.82661955243056
12560 81.19267131799002
12561 80.15652991128837
12562 78.9226442897787
12563 77.91128081698277
12564 76.88745420008594
12565 130.01818766524178
12566 129.27201680070556
12567 128.29801254721076
12568 127.34982859922943
12569 126.33218306067889
12570 125.56347078805899
12571 124.38340485134248
12572 123.78370537356714
12573 122.69729223733829
12574 121.63624986664242
12575 120.91424677584813
12576 119.77279099312229
12577 119.19889012051236
12578 118.0623270228584
12579 117.07392172548826
12580 116.17529750509006
12581 115.36455294130735
12582 114.52405224019994
12583 113.37010428331611
12584 112.56440201231149
12585 177.21776299673965
12586 176.42288104457913
12587 175.4084944237861
12588 174.6801817071591
12589 173.61079683032852
12590 172.68808254132458
12591 171.7501585913086
12592 170.6456947325559
12593 169.65464651354424
12594 168.84008537422415
12595 167.9788223455995
12596 167.21228918531443
12597 166.3057197208293
12598 165.30092697596422
12599 164.3294602889148
12600 163.57841429910223
12601 162.51181814991676
12602 161.54847904515384
12603 160.69004567309406
12604 159.8324173760066
12605 197.28924186708747
12606 196.5256160165888
12607 195.69159090525707
12608 194.70137981903545
12609 193.76355791253184
12610 192.8506888288191
12611 192.07726481087104
12612 190.82818493181207
12613 190.04978731807512
12614 188.96749121414788
12615 188.26945485003523
12616 187.27659511277534
12617 186.3882045091275
12618 185.5239528020205
12619 184.4993275330931
12620 183.56962584302275
12621 182.4967526588747
12622 181.8372142043837
12623 180.81112383244042
12624 180.1931280061556
12625 105.84225040235272
12626 104.60401620002729
12627 103.25856097235564
12628 101.98281624380074
12629 100.58681092021558
12630 99.43267066017381
12631 98.07956718080801
12632 96.93067111958223
12633 95.94737862079913
12634 94.3716878166077
12635 93.07612250578975
12636 92.24737482300905
12637 91.03329650930478
12638 89.35401951834545
12639 88.30556535658633
12640 87.03318060209774
12641 86.09578779668287
12642 84.4647493547736
12643 83.40913337024047
12644 82.29779495387734
12645 128.12806847585784
12646 126.9343929204334
12647 125.84685726708707
12648 124.69823003540655
12649 123.03652926595815
12650 122.02873568392896
12651 120.98984211863974
12652 119.4636473192882
12653 118.28161323910483
12654 116.91583899768953
12655 115.60698906287983
12656 114.60753160780258
12657 112.98984754761305
12658 112.00329039913883
12659 110.91766085344007
12660 109.73212248798498
12661 108.44722308626079
12662 107.29897205821206
12663 105.79171823670299
12664 104.71180124324269
12665 75.79171696236504
12666 74.4248071253906
12667 73.50917393109084
12668 71.86567231981499
12669 70.98172944170749
12670 69.874609340988
12671 68.33818057420193
12672 67.45441613990526
12673 65.97020108316026
12674 64.97809565214311
12675 63.65088201716965
12676 62.141875870207
12677 60.6960375420127
12678 59.468768380703885
12679 58.4110117115764
12680 57.1429590005142
12681 55.84852962942551
12682 54.849271392156886
12683 53.28423786467335
12684 52.127767349918855
12685 148.92003290003268
12686 148.1804063005924
12687 147.68539024991458
12688 146.53621550089142
12689 145.69550738559147
12690 144.77261203381767
12691 143.98686791992162
12692 142.97601921271075
12693 142.2360104381369
12694 141.12772406197584
12695 140.094557711776
12696 139.28004829910168
12697 138.28227196938195
12698 137.64684814820095
12699 136.7048225823683
12700 135.61498276231765
12701 134.7030738414566
12702 133.80841538132637
12703 132.95229333885206
12704 131.9478725762275
12705 182.41602161615435
12706 181.33899118989055
12707 180.43633098185788
12708 179.90313552409683
12709 178.57666803465133
12710 177.71955331348175
12711 176.7656820476138
12712 175.8540659313063
12713 175.52217257372843
12714 174.5150534939933
12715 173.18506428793197
12716 172.68162773283558
12717 171.7404880402647
12718 170.7903770304263
12719 170.3084203104631
12720 168.75416663017498
12721 168.13261038114155
12722 167.11989914005937
12723 166.21909291580857
12724 165.34246279500556
12725 149.10739648947475
12726 148.0541953934697
12727 147.59520683915366
12728 146.5306555674121
12729 145.40315322632588
12730 144.87084592161855
12731 144.23579142585558
12732 142.94375176352526
12733 142.07384469971132
12734 141.46255665450468
12735 140.2703161166194
12736 139.3638510201213
12737 138.70383277199346
12738 137.75030213752015
12739 136.79925313392118
12740 135.91922496458312
12741 135.05721570550548
12742 133.95104927933343
12743 133.11525409081918
12744 132.54674871081266
12745 79.69838284655974
12746 79.09956122407485
12747 77.93635546045294
12748 76.80164931376389
12749 75.47757644209166
12750 74.16218651052932
12751 73.29312356358997
12752 71.80713254002279
12753 70.8699649320391
12754 69.47529053505103
12755 68.2902734871342
12756 67.09506240717465
12757 66.24609546253633
12758 64.63890426807393
12759 63.892281753416775
12760 62.55666053893565
12761 61.486483505189135
12762 60.50673768929577
12763 58.94935428274075
12764 58.1575392297586
12765 134.96973031911892
12766 133.84126599540295
12767 132.97563075653844
12768 131.36030112467327
12769 130.40626382863567
12770 129.09846574022092
12771 128.06138236183347
12772 127.05180737940638
12773 125.7123007167109
12774 124.88905049313304
12775 123.3081585603886
12776 122.1797327396751
12777 121.10670386604531
12778 119.88861200563392
12779 118.67939031316111
12780 117.23769435339987
12781 115.79917832797508
12782 115.27335712526222
12783 113.45493751694494
12784 112.23645743884968
12785 142.98795158472768
12786 141.6178204954627
12787 140.14549977864036
12788 139.3467481779266
12789 137.51401633905272
12790 136.78094208564244
12791 135.24724369879013
12792 134.40563608033528
12793 132.95073391620778
12794 131.57900642764062
12795 130.21781995470386
12796 129.38090769161875
12797 127.54883702275859
12798 126.73058646124672
12799 125.39274357181502
12800 124.31609147268472
12801 122.48260363580921
12802 121.776144694661
12803 120.24884493323661
12804 118.93176969288041
12805 196.0432304938001
12806 194.566598851421
12807 194.34704197097898
12808 193.0194712672807
12809 192.28266205990033
12810 191.94101184088217
12811 191.0297341224068
12812 190.49269933223167
12813 189.05657145281873
12814 188.78876465681552
12815 187.41986608614445
12816 186.40547525438637
12817 185.87172113494321
12818 185.86082617470606
12819 184.4898537972198
12820 183.6832709636503
12821 182.6022542132421
12822 181.7560356762286
12823 181.7763480191594
12824 180.44275113643502
12825 232.53087139691993
12826 232.6686657870357
12827 231.8743876462747
12828 230.21126793248058
12829 230.52552234266986
12830 229.3595716772245
12831 228.5347923255443
12832 227.17253722178697
12833 227.29964073492042
12834 225.7746679065065
12835 225.3994830067419
12836 224.43068222558114
12837 223.93646368824486
12838 223.91430374661917
12839 222.69188949178982
12840 222.4913717803892
12841 220.47991098696824
12842 220.38489255959882
12843 219.9193874077207
12844 219.4542682972494
12845 255.02297669365507
12846 254.73946281599507
12847 254.049605803364
12848 252.59086167871513
12849 251.96694073608836
12850 251.24313890676197
12851 250.38881141394643
12852 250.6318666811589
12853 248.7875240358897
12854 248.060761787692
12855 247.6945149151095
12856 247.72401546470155
12857 247.03380547698472
12858 246.53058468047413
12859 245.31932660459674
12860 244.64188928249874
12861 243.31162203880962
12862 243.7784854963694
12863 243.27255940574406
12864 242.16979404698782
12865 124.60545265451125
12866 123.4073397282205
12867 121.68590992451114
12868 120.32884050577357
12869 118.90013445358085
12870 117.6566338657939
12871 116.77139487809843
12872 114.76800736491175
12873 113.73747408875714
12874 111.77386445284331
12875 110.87524535936028
12876 109.21022737421244
12877 108.1595450845721
12878 106.66625833811607
12879 105.25467068607986
12880 103.32013982100351
12881 102.43792168955642
12882 100.72616545625647
12883 99.30668643383066
12884 97.63733709612887
12885 126.8518942870599
12886 124.90951671043572
12887 123.76229463682898
12888 121.96228509631615
12889 121.23377478945655
12890 119.21923455099746
12891 117.74785911974125
12892 116.74263617972666
12893 115.36163561079377
12894 113.92530321908056
12895 112.37372215003606
12896 111.06286782522874
12897 109.73594505406463
12898 107.84846937573379
12899 106.44187615720303
12900 104.98943528813427
12901 104.26872455085264
12902 102.9552071927839
12903 101.5527759442692
12904 99.19310199648018
12905 44.775449388669024
12906 43.014529637086476
12907 41.609184740737206
12908 40.51955328185925
12909 38.30083408070051
12910 37.34638396628779
12911 35.441061306002624
12912 34.46495458577096
12913 32.84232352318864
12914 32.14501109565288
12915 29.948880421711056
12916 29.237622503915055
12917 27.752083802773008
12918 25.758397769046226
12919 25.12484873612449
12920 22.96495866270462
12921 21.995423651129105
12922 20.436590116440065
12923 19.222935652501224
12924 18.367544645497276
12925 199.3778055231837
12926 198.28102190257988
12927 199.15813861810412
12928 198.0828240023586
12929 198.35825362397122
12930 199.44501726508798
12931 198.00230482931445
12932 197.17864891145976
12933 197.69892922157743
12934 196.67338759131675
12935 196.8544906303296
12936 195.9298250019045
12937 197.32483937106988
12938 195.57274961597008
12939 195.18561374930258
12940 195.12852099021197
12941 195.42647247890855
12942 194.82855626956353
12943 194.9795355824227
12944 193.1691054025356
12945 233.15286233460853
12946 234.33270940853927
12947 233.7819039229532
12948 234.06322723997314
12949 233.16160311928687
12950 232.60615560631334
12951 232.91420006951046
12952 232.8708743685454
12953 231.34836713976608
12954 230.37374251972614
12955 231.29205104189364
12956 229.9772556506312
12957 231.1237270331506
12958 229.86854839225484
12959 230.8037548335992
12960 229.74197562438275
12961 229.23208804022408
12962 229.4041927494273
12963 229.20728259704183
12964 228.9785786820786
12965 291.27751800139885
12966 291.00465148573323
12967 291.6448795049108
12968 290.28882001022697
12969 289.5615103154191
12970 289.49105288306134
12971 288.8333125349234
12972 289.2429685968002
12973 288.83391443304714
12974 289.17381527946844
12975 287.5073960176123
12976 288.7556145480506
12977 287.40152516673743
12978 286.28421460106637
12979 286.5378504700594
12980 285.53907782669955
12981 285.4934949174479
12982 285.142998543566
12983 285.2659287086642
12984 285.1240221714586
12985 99.64952066208937
12986 98.04337205346211
12987 96.96439945103546
12988 95.85982402128955
12989 94.9937729088188
12990 93.60891688024736
12991 92.50246437400055
12992 90.96747477480035
12993 89.96175393040092
12994 88.76782098396055
12995 87.5650281856142
12996 86.60040838274698
12997 85.41829867107465
12998 83.83116799880312
12999 82.61175996219734
13000 81.68161015072977
13001 80.52294003008288
13002 79.12276960649768
13003 77.90106230009121
13004 76.92445031087522
13005 146.49759184050154
13006 145.75566350596515
13007 144.20950969746605
13008 142.99580546679726
13009 142.08849569539498
13010 140.84263317248588
13011 139.5922534020719
13012 138.10439197837434
13013 137.03378499288817
13014 136.13172476882087
13015 134.99338741740291
13016 133.68129011204303
13017 132.26765352918946
13018 131.23182098864493
13019 129.69937047121033
13020 128.99448732827847
13021 127.49698910461481
13022 126.55438826604848
13023 124.96755187358896
13024 123.88457485598373
13025 79.15792390530169
13026 78.09859868081475
13027 76.7784821335011
13028 75.5114877536788
13029 74.21512134889555
13030 72.93614039121175
13031 71.60425842208355
13032 70.44570781767776
13033 69.31750397288404
13034 68.39272305536642
13035 66.98422200462775
13036 65.67900973102009
13037 64.42596874746981
13038 63.380878122678155
13039 62.06500226734579
13040 61.17441097765056
13041 59.544860940770754
13042 58.56720024128823
13043 57.24939542828481
13044 56.09024415014024
13045 151.2932774839711
13046 150.10073689788487
13047 149.5458877009739
13048 148.73265167040856
13049 147.62504795275564
13050 147.42697166734547
13051 146.00657336942277
13052 145.49002529478787
13053 144.72600068043093
13054 143.7748485460508
13055 142.52824896789534
13056 142.13036960928846
13057 141.42164931788682
13058 140.0898956330941
13059 139.59579445241744
13060 138.88407988443714
13061 137.89349162965664
13062 136.5931590944139
13063 136.40659181927
13064 135.33663403038474
13065 176.2758129588657
13066 175.1166084464002
13067 174.56666153687183
13068 173.5063864291218
13069 172.45021599567755
13070 172.28504813905798
13071 171.62723366877574
13072 170.5932917494949
13073 169.273502027861
13074 168.8587151092756
13075 167.7950036159777
13076 166.60958697491745
13077 166.40174131127952
13078 165.83945073502903
13079 164.69944729540188
13080 164.0572424371284
13081 162.82656351029416
13082 162.46680910511006
13083 161.37469886888346
13084 160.91454677664234
13085 165.40063930705188
13086 164.29514633064892
13087 163.4695195935997
13088 162.3277526588379
13089 162.3033709931963
13090 161.28373799269943
13091 160.11098659848287
13092 159.46535611430176
13093 158.79720918797955
13094 157.77440952003198
13095 156.5649589579945
13096 156.06238825589102
13097 155.2313716826899
13098 154.51858094979787
13099 153.84444272135548
13100 153.10683751187824
13101 152.56033539844432
13102 151.41987513824165
13103 150.69819052373666
13104 149.5525614366496
13105 26.537442376642343
13106 25.212006169203537
13107 23.997829628328827
13108 22.829995622639984
13109 21.52455411269786
13110 20.24257000635976
13111 19.039225510045096
13112 18.015602358432098
13113 16.745556327520628
13114 15.65890689092593
13115 14.00954470752091
13116 12.951965179628754
13117 11.765530568619784
13118 10.696052329812565
13119 9.441107908761753
13120 8.257229623033053
13121 6.883839716414788
13122 5.452253545915458
13123 4.598423423692684
13124 2.8447708665081977
13125 74.5498221498314
13126 73.60502715093169
13127 71.93651105379996
13128 70.98248076075589
13129 69.7144948484049
13130 68.56524351176174
13131 67.11503003461526
13132 66.14234717990233
13133 64.6999987721975
13134 63.618215496586394
13135 62.188472681379736
13136 60.86606683276052
13137 59.998305715372936
13138 58.54171720367923
13139 57.19608069587976
13140 56.28359218279766
13141 54.975435463411905
13142 53.854580661399964
13143 52.647356067782475
13144 51.483559328752456
13145 60.875892570014194
13146 59.49838442050533
13147 58.14890553430627
13148 57.25920194185187
13149 55.967612616165425
13150 54.48279500137705
13151 53.58435235724122
13152 52.019272241550546
13153 50.979748993380475
13154 49.81209371274768
13155 48.63033392939429
13156 47.42736597790177
13157 46.33899952992414
13158 44.9202471697575
13159 43.413676164093225
13160 42.377572023015404
13161 41.194352695466044
13162 40.26840137828427
13163 38.91239974320532
13164 37.93305189167236
13165 193.15921170802025
13166 192.0019688998921
13167 191.1809936022312
13168 190.44178354407606
13169 189.48140933747766
13170 189.89551592995616
13171 188.51506941766272
13172 187.9328814266596
13173 187.2984648887625
13174 186.6451944017513
13175 186.28786167318455
13176 184.66684420366133
13177 184.59410770555945
13178 183.52403485907158
13179 182.80007393581528
13180 181.83349953129934
13181 181.53726142865972
13182 180.870191969581
13183 180.170646532418
13184 179.2587385080345
13185 252.76162894833465
13186 251.45885875301434
13187 251.27830218371872
13188 250.97923194889205
13189 250.15688603684947
13190 249.04324246415632
13191 248.09192719631358
13192 247.5822072622462
13193 247.44805404955332
13194 246.6301963199209
13195 245.88082019202534
13196 244.90126824081713
13197 244.8928788531635
13198 243.71531294729536
13199 243.25732110407114
13200 242.85641765798283
13201 241.89380869312694
13202 241.57507311260807
13203 240.35096986792146
13204 239.74035188022862
13205 216.0724939200083
13206 216.25014047485502
13207 215.06262578916852
13208 214.75822663638726
13209 214.7678809124726
13210 213.8398966520377
13211 213.31920142681892
13212 212.15181589632184
13213 211.8797391579513
13214 210.57834009742942
13215 210.33184863875536
13216 209.55545538358825
13217 209.33525516021965
13218 207.76478435625876
13219 207.78740960813036
13220 207.00241875345432
13221 205.7849460524513
13222 206.39333495792022
13223 121.46171757577912
13224 120.37484897968542
13225 118.6137773240372
13226 117.40338453427486
13227 115.82726748953034
13228 115.03274658208902
13229 113.76394357589103
13230 112.67229087115142
13231 111.1086349690694
13232 109.72472056060823
13233 108.7801920740101
13234 107.04425230940487
13235 105.63727533645996
13236 104.29231880756029
13237 103.05790244466097
13238 101.34408400626751
13239 99.9650352899824
13240 98.67043386490333
13241 97.70494391694513
13242 96.22423905242795
13243 70.98236719442355
13244 69.77360818296428
13245 68.43013945018879
13246 67.79293425291488
13247 65.86605926664569
13248 64.32722728163627
13249 63.39855790344343
13250 61.85334671932088
13251 60.17410809646975
13252 58.792300049724005
13253 57.234985298197984
13254 55.99354762923785
13255 54.44575047120049
13256 52.54619100560368
13257 51.62299064700542
13258 50.46310474327779
13259 48.560898912090366
13260 47.113778306258034
13261 46.03212241415915
13262 45.095004182935725
13263 77.24554330162952
13264 76.3674746717209
13265 74.22999994218841
13266 73.24431558861778
13267 71.0159581659424
13268 69.96214253323338
13269 68.43013097373864
13270 67.35441883112159
13271 65.48657962672783
13272 64.78152368578084
13273 63.167719118612595
13274 61.17135412864004
13275 59.95812058469397
13276 58.905697060866636
13277 57.3581402002852
13278 55.36020473291305
13279 54.48101313280726
13280 52.25146906045355
13281 51.742599121057935
13282 50.006839111429414
13283 80.66756978744363
13284 79.4131404967184
13285 78.34229631885242
13286 77.24129958022033
13287 76.11310874127024
13288 74.93007040089152
13289 73.57811904834736
13290 72.55512758902718
13291 71.57932107594817
13292 70.24502087633344
13293 69.01540056131059
13294 67.89244090042045
13295 66.9180750834124
13296 65.89375543515334
13297 64.47572049892463
13298 63.54613131918813
13299 62.250736642678916
13300 60.92371892757031
13301 59.788256408007875
13302 58.632104157158565
13303 120.37181397910294
13304 119.06629081645896
13305 118.17665339439405
13306 117.10418415445916
13307 115.7527799766074
13308 114.56482356919263
13309 113.31035072407329
13310 112.16448008185532
13311 110.95902617754537
13312 109.99154492939553
13313 108.72230193547729
13314 107.67054795433174
13315 106.62276364861175
13316 105.49095840119287
13317 104.03422975733667
13318 102.95831469420277
13319 101.93091118815953
13320 100.48330049026562
13321 99.47778777840092
13322 98.30287968218018
13323 85.47538435362021
13324 84.41320967331701
13325 82.91890833223371
13326 81.84812940483386
13327 80.9598091237267
13328 79.70476281160487
13329 78.4934877511966
13330 77.27232359255235
13331 76.15291336877375
13332 74.73692219271481
13333 73.90093518575166
13334 72.60696699538182
13335 71.56053105717696
13336 70.0313706006811
13337 69.04829109646883
13338 67.59897696114257
13339 66.42884526387441
13340 65.57582245377549
13341 64.4223042045992
13342 63.1380652412911
13343 11.386817766640315
13344 10.247609632056651
13345 8.601702511715551
13346 7.498331742365233
13347 5.645837925507465
13348 5.07784433447666
13349 3.527798289111759
13350 1.960970295598605
13351 0.9476187758272742
13352 359.6346269412293
13353 358.04454059224275
13354 356.5902639845125
13355 355.7109456067043
13356 353.54798429265674
13357 352.60989546650353
13358 351.6264880350744
13359 349.8621961842758
13360 348.5056485159445
13361 347.57535616199226
13362 345.79592562725213
13363 94.46526193565523
13364 93.20632031920321
13365 92.10137006210478
13366 90.85948557752782
13367 89.41669392774531
13368 88.59109495733408
13369 87.27666604277537
13370 85.59750858540022
13371 84.19279235423204
13372 82.67435264430212
13373 81.61090351641417
13374 80.78672221976224
13375 79.70040313434038
13376 78.3671745163596
13377 76.79266882992555
13378 75.81418735903232
13379 74.35796477564845
13380 73.28980836411046
13381 71.39956384142869
13382 70.21301359164954
13383 45.79568680506887
13384 44.38313531526524
13385 43.273373536986085
13386 41.748645934851176
13387 40.92161769336792
13388 39.63202307130954
13389 38.390935694970324
13390 37.466333940667596
13391 35.793927049245966
13392 34.892336469406125
13393 33.56813169010079
13394 32.39578033589078
13395 31.291432120263572
13396 29.912959548938638
13397 29.110118540940793
13398 27.38464253565436
13399 26.08894621507091
13400 25.09197892858907
13401 23.995381646623777
13402 22.45123198314239
13403 77.81912408306691
13404 76.58521834036372
13405 75.5521514575227
13406 73.90752482370978
13407 72.92345731281499
13408 71.8874114153501
13409 70.34294669803309
13410 69.29336058293592
13411 68.13337194725416
13412 66.4758720949628
13413 65.63273321501634
13414 63.93695566999869
13415 63.02863338541379
13416 62.03756934495742
13417 60.663727969167155
13418 59.34258188632531
13419 58.02977129158095
13420 56.70283118212066
13421 55.69187656765376
13422 54.59642352266747
13423 107.25711654415291
13424 105.91917078999109
13425 104.85532775646101
13426 103.55650811097641
13427 102.37949436583453
13428 101.1084505129674
13429 100.18310365383762
13430 98.49618807922535
13431 97.5453129672844
13432 96.19258022449127
13433 94.85897801543923
13434 93.81745022123843
13435 92.62136483106462
13436 91.52078692497074
13437 90.06067899322164
13438 88.99214452150179
13439 87.57041109345327
13440 86.34411956941638
13441 85.23847313697466
13442 83.86520993735888
13443 97.88398009697825
13444 97.16534642143638
13445 95.59452513026444
13446 94.49829917364981
13447 92.95514217547989
13448 91.8380771307336
13449 90.73487853474425
13450 89.50471462932293
13451 87.93751061929989
13452 86.85791694521056
13453 85.98435138468093
13454 84.41414698032106
13455 83.49603079330149
13456 81.81329377420863
13457 80.97988307678483
13458 79.87371685305226
13459 78.61228332683318
13460 77.4286516926159
13461 75.74769289192994
13462 74.45239873091832
13463 116.87489859891983
13464 115.91679469144682
13465 114.51505696119125
13466 113.37953319907078
13467 112.16737411006406
13468 111.00028812435052
13469 109.86675156247195
13470 108.92885065287487
13471 107.6109592707678
13472 106.59929351358323
13473 105.3604105974778
13474 104.41860553005614
13475 103.07172503442786
13476 102.21913423263914
13477 100.85155928439154
13478 99.77381474873522
13479 98.33279548780976
13480 97.25429485276321
13481 96.30149054727329
13482 94.95030547412652
13483 152.74102742678747
13484 151.72153297486963
13485 150.25639069179115
13486 149.2487292253685
13487 148.35570182561082
13488 146.883085467616
13489 146.05128323345753
13490 144.8698942341004
13491 143.317288774424
13492 142.29340074399354
13493 141.0292156232836
13494 139.79896351510757
13495 138.72856095584893
13496 137.9154557348665
13497 136.58132362512677
13498 135.4944292210877
13499 134.14406837765407
13500 132.95189450872638
13501 132.09339712675583
13502 130.46645527917667
13503 76.74539390589742
13504 75.5051239641801
13505 74.19230049586076
13506 73.0604163507172
13507 71.62693627617242
13508 70.66480336487831
13509 69.35086915888255
13510 68.19406399092234
13511 67.0052087688445
13512 66.04562231288516
13513 64.58498276857468
13514 63.303107406599416
13515 62.46315068730129
13516 61.21409799323849
13517 59.820565687322905
13518 58.84413330546328
13519 57.44270308383877
13520 56.248439464781
13521 55.08689173243187
13522 53.94822843685363
13523 108.87267096359466
13524 107.77374978076269
13525 106.86367335077844
13526 106.03772025890758
13527 104.87691121965784
13528 104.07823412647845
13529 103.01552684564848
13530 102.21467572212237
13531 101.30989054083173
13532 100.22814294588083
13533 99.36694022973565
13534 98.63648646625015
13535 97.45767495875421
13536 96.8713221923071
13537 95.94474915562002
13538 94.85515167016648
13539 94.0407707383407
13540 93.05083240221443
13541 92.32958326418034
13542 91.38270067675047
13543 191.24440404518197
13544 190.19446232646968
13545 189.33017162936844
13546 188.27899471425334
13547 187.23511262006784
13548 186.3535344012154
13549 185.53336565260395
13550 184.79024276422592
13551 183.74122989759164
13552 182.870248097847
13553 182.11859832041446
13554 180.97669719113983
13555 179.9735993590353
13556 179.3622385146098
13557 178.33115106831002
13558 177.49553525812226
13559 176.57354865534205
13560 175.2947336337077
13561 174.44993864089068
13562 173.65162319427418
13563 214.97048486543147
13564 214.31514675295367
13565 213.26276837079598
13566 212.21893481775348
13567 211.54546332307876
13568 210.43256715973558
13569 209.40303936970312
13570 208.8419015604869
13571 207.75755972721387
13572 206.97343981146244
13573 205.91185640332728
13574 205.12114379981853
13575 203.97474570371529
13576 203.19969440412885
13577 202.15681065580804
13578 201.4396439732133
13579 200.40445507043844
13580 199.39918672186974
13581 198.7601748298653
13582 197.6704099235655
13583 121.64443596201819
13584 120.72388833808996
13585 119.2200086857931
13586 118.3982894641291
13587 116.54381527333496
13588 115.65061960015649
13589 114.3918974446666
13590 113.15436542518172
13591 111.63954994597819
13592 110.81376005565926
13593 109.15055562230336
13594 107.97821180413816
13595 107.00633077754998
13596 105.7955954134113
13597 104.2428688074578
13598 103.00114233352978
13599 101.82735605606125
13600 100.86394268947014
13601 99.30207422089896
13602 97.95314676717196
13603 106.7310375392381
13604 105.87293554477418
13605 104.39073430039309
13606 103.2032065334768
13607 101.77032713131824
13608 100.91214122449074
13609 99.46692882366281
13610 98.45197682466792
13611 96.98940041995269
13612 95.83986005469565
13613 94.55373607869441
13614 93.4045844722762
13615 92.15113481283232
13616 90.68288355723669
13617 89.74097012714368
13618 88.38155103341097
13619 86.9900595287599
13620 85.69454605749743
13621 84.30061759745237
13622 83.53573115564197
13623 102.56782244500529
13624 101.44212027895024
13625 99.88965567421663
13626 98.82067374278658
13627 97.8879929196146
13628 96.6478085195027
13629 95.35455062613376
13630 93.92050289996065
13631 92.48475876329533
13632 91.29442038779455
13633 90.39669421214242
13634 89.11912126305745
13635 87.68806601956321
13636 86.22799890104265
13637 84.94299244048561
13638 84.02238971409821
13639 82.91108786391133
13640 81.52598554107085
13641 79.8554970214244
13642 78.94453137146324
13643 177.39888784603522
13644 176.41214372375399
13645 175.96566681332754
13646 174.67037191218355
13647 173.92209306018248
13648 173.0963154655836
13649 172.12802872210878
13650 171.41885722185853
13651 170.15004145380198
13652 169.78211712256967
13653 168.88171214952627
13654 168.0037416599588
13655 166.67320499046966
13656 165.84785515157748
13657 164.80628368141302
13658 163.8575777467689
13659 163.17706918253262
13660 162.43043071383892
13661 161.4256712906916
13662 160.24915624018925
13663 190.58382082539134
13664 189.7826811295345
13665 188.69868864787446
13666 187.94926126273404
13667 186.77727290378616
13668 185.65273483312865
13669 185.0109444445466
13670 184.00497945172015
13671 183.0056921155131
13672 182.10081846596313
13673 181.3410378246413
13674 180.46229257621602
13675 179.3840358164689
13676 179.03885869396993
13677 177.75929166076796
13678 176.63778453974493
13679 175.79723210417586
13680 175.29707874636634
13681 174.51332050472746
13682 173.35036684326207
13683 184.79289937973377
13684 184.0122099959134
13685 183.29893216425617
13686 182.2061402642925
13687 181.22824746076472
13688 180.96144667271233
13689 179.75955990331974
13690 178.57864991369254
13691 178.28812594600788
13692 176.90207285153232
13693 176.33249850083018
13694 175.3104624363697
13695 174.2913883788844
13696 173.7372843024201
13697 172.43816556477475
13698 171.4807362191394
13699 171.08449307259693
13700 170.40544625052596
13701 169.03031223955472
13702 168.5675082756319
13703 114.56482696189839
13704 113.31343233472592
13705 112.41123899105722
13706 110.85924881903615
13707 109.70125151952128
13708 108.42763496123489
13709 107.63053689780426
13710 106.64327812886171
13711 105.14878017050157
13712 104.0570929464461
13713 103.21566905937752
13714 101.91296969820712
13715 100.53748576398085
13716 99.123912254472
13717 97.93235106123618
13718 96.7559258199029
13719 96.05105142277729
13720 94.38880192960465
13721 93.36155404297564
13722 92.3381330840343
13723 165.39475014104963
13724 164.28146648888824
13725 162.6441954617032
13726 161.32936471891188
13727 160.15724045301587
13728 159.01999324840622
13729 157.8603579575052
13730 157.05133771155664
13731 155.52829075602583
13732 154.2330756221801
13733 152.88270748648276
13734 152.0988109477981
13735 150.44978426896168
13736 149.99461919929124
13737 148.58759340844603
13738 147.11403131712115
13739 145.61897352357587
13740 144.88906580572254
13741 143.3471973878634
13742 142.55651615038093
13743 159.32665411551605
13744 157.9257481989138
13745 157.07550364518494
13746 155.83470787522918
13747 154.6557866836803
13748 153.00823748969148
13749 151.78815990949323
13750 150.31793656961872
13751 149.0911138019375
13752 147.95989629322756
13753 147.05709156970772
13754 145.30120378218194
13755 144.29007652213681
13756 143.32472445435386
13757 141.86185502573437
13758 140.91908603675353
13759 139.00666573058368
13760 138.247053513054
13761 137.26345088654875
13762 135.51892870477536
13763 214.8206168648827
13764 213.27273410782848
13765 213.19803259168273
13766 212.1443508289484
13767 211.2268540129274
13768 209.84943366526102
13769 209.57348490414591
13770 208.92399296464987
13771 207.40225077268346
13772 207.12979209651326
13773 206.05543691887058
13774 206.11976710405537
13775 204.75222819830358
13776 203.93098694394843
13777 203.54881807366155
13778 203.02822430166717
13779 201.53427924696115
13780 201.25791658869332
13781 200.62104652929517
13782 199.3053196690757
13783 193.8605527739763
13784 193.26718805924463
13785 192.5324792809882
13786 192.01297550155044
13787 191.11140586437608
13788 190.02090154483233
13789 189.5945305918362
13790 188.8473668026474
13791 187.49049506011178
13792 187.95999287935842
13793 186.6961822028252
13794 185.77193024504402
13795 185.35216697108044
13796 183.7911014736445
13797 184.19016859976713
13798 182.5092480853707
13799 182.31775703130631
13800 181.13103808939593
13801 181.0110141014693
13802 179.99024710774538
13803 181.79979212336065
13804 181.87420306563396
13805 180.51973779777006
13806 179.91514014670108
13807 179.60998032099428
13808 179.46699717811686
13809 178.78904563674712
13810 177.41362595948138
13811 176.69542167629706
13812 176.0442475575255
13813 175.45962446317935
13814 175.76162300797688
13815 174.33336692041883
13816 174.3698707778818
13817 173.0045595075862
13818 172.4058769943609
13819 172.45591346423961
13820 170.816067248592
13821 171.09290131113738
13822 170.58078753571854
13823 49.17109900007856
13824 47.31447025157335
13825 45.91730404830729
13826 44.82861840466738
13827 43.36787075458694
13828 41.50621130315855
13829 40.12852482000142
13830 38.73369524321226
13831 37.11686671881169
13832 36.42881473101933
13833 34.47562992586801
13834 33.138059957870915
13835 31.99753298805977
13836 30.598886324704637
13837 28.89607321086599
13838 27.88250538456405
13839 26.513234520817395
13840 24.627085133021165
13841 23.548803958139747
13842 22.347328820621364
13843 96.42411908111211
13844 94.64435107105297
13845 92.63532265188861
13846 91.44977494177209
13847 90.14555867390226
13848 88.5265514358039
13849 87.56093153871429
13850 85.64949762100602
13851 84.80136270382742
13852 83.08792773729124
13853 82.05979880492669
13854 80.10391152144133
13855 79.24991456973878
13856 77.26564831161916
13857 76.376506562856
13858 74.8184098172487
13859 73.12985395058823
13860 72.04551114353315
13861 70.2414380210592
13862 68.64888606905464
13863 118.64597541421658
13864 116.86574116086697
13865 115.77157822272585
13866 114.12616982292509
13867 112.94612946534222
13868 111.3981311470484
13869 110.33466921221022
13870 109.04085888530682
13871 107.38897375373435
13872 105.68148289322403
13873 105.06450386174379
13874 103.28578880228584
13875 101.8925935048301
13876 100.7376567203498
13877 99.01390190233829
13878 97.79004451546459
13879 96.08601951333942
13880 94.61879473514747
13881 93.49706352782631
13882 92.33858386360204
13883 146.5346284646635
13884 145.21952759226087
13885 144.28404802794998
13886 142.85853601800792
13887 141.74934013323616
13888 140.70660017624962
13889 139.6305244350208
13890 138.74454753652063
13891 137.29773289491754
13892 136.47188072607415
13893 135.26978531870031
13894 133.89316083586843
13895 132.81237723655244
13896 131.53931132525187
13897 130.6935574456278
13898 129.4113468609203
13899 128.1145903827599
13900 126.91212095881012
13901 125.93033108043657
13902 124.68003744783704
13903 143.66235368401584
13904 142.41228071046555
13905 141.28465291748367
13906 140.1233005474011
13907 139.20771940471906
13908 137.842488814161
13909 136.70223447834357
13910 135.4006594512561
13911 134.57699505021287
13912 133.05031137160614
13913 132.04934273798824
13914 131.05973934105361
13915 129.7104624476883
13916 128.67389930820738
13917 127.56257546487171
13918 126.0585138275559
13919 125.30975274951192
13920 124.20817888819026
13921 122.91115001515566
13922 121.8419345991999
13923 94.61244427737886
13924 93.1949475705621
13925 92.2724417610763
13926 91.08966308858427
13927 89.72743960249602
13928 88.41772416799735
13929 87.51359163810655
13930 86.55642218018778
13931 85.3353154279106
13932 84.01138573950188
13933 82.91272022597985
13934 81.7606466343169
13935 80.61260928700307
13936 79.34222707290225
13937 78.07756242762618
13938 76.70662613313678
13939 75.78230835159232
13940 74.78723771472508
13941 73.35495110125956
13942 71.99292119349963
13943 144.91810216242024
13944 143.7708374026109
13945 143.058064303456
13946 141.7358553958719
13947 141.27666188500578
13948 140.1216273660476
13949 139.26892898350502
13950 138.6675301655873
13951 137.44895349321695
13952 136.7147428512296
13953 135.60538878961648
13954 134.92759024289964
13955 134.44696286193036
13956 133.27716895139037
13957 132.73265801008955
13958 131.5272597880942
13959 130.50686716798305
13960 129.88339028679815
13961 128.86924489357474
13962 128.0051903069169
13963 171.23468581489934
13964 170.24648588010106
13965 169.35490595661088
13966 168.83000415623138
13967 167.74553184775607
13968 167.0000170843202
13969 165.82127944246693
13970 164.84560443820038
13971 164.07877407618687
13972 163.5158431365527
13973 162.4432519231416
13974 161.84193637393452
13975 160.52396055227968
13976 159.65724242511453
13977 159.08002221217737
13978 157.84902900843127
13979 156.98379695485934
13980 156.77305692783943
13981 155.51099936848348
13982 154.36692788154645
13983 224.71093414087454
13984 223.53973061959223
13985 222.97476863503093
13986 221.77264878371267
13987 221.1059530793376
13988 220.468218899297
13989 219.46305076587703
13990 218.9120100601654
13991 217.74991658387876
13992 217.10519119834947
13993 216.22803609811737
13994 215.4366092745426
13995 214.75221706419805
13996 213.62577495884508
13997 212.54749507547743
13998 211.62204634907718
13999 211.1341002210793
14000 210.15379757399702
14001 209.6094580634219
14002 208.59379740681925
14003 112.66874544208196
14004 111.17114043832582
14005 110.12529317690222
14006 108.84393807727935
14007 107.76444640354994
14008 106.3647015310542
14009 105.31051987699095
14010 103.9622017930533
14011 102.86661760151614
14012 101.37058078325929
14013 100.39413066542673
14014 99.33564867449975
14015 97.70970622330286
14016 96.76965772415062
14017 95.53908589508879
14018 94.15610433988935
14019 92.90944686619228
14020 91.75994757004617
14021 90.63438813891618
14022 89.00868874390787
14023 129.02430758755446
14024 127.44321481483114
14025 126.46051311898199
14026 125.33973111493674
14027 124.13099912214591
14028 122.76413392187729
14029 121.33458163714198
14030 120.11634683104204
14031 119.21296819091019
14032 117.74337456870497
14033 116.69279873234993
14034 115.22776249899798
14035 113.93957531270179
14036 112.69285816832749
14037 111.36048307816851
14038 110.18396351497748
14039 109.21084460998084
14040 107.9732814152888
14041 106.49032432209341
14042 105.32268825361555
14043 71.20527666381119
14044 70.13555117502335
14045 68.89419065548238
14046 67.47669689609023
14047 66.55502998180715
14048 65.13878952423441
14049 63.707419978643145
14050 62.861444490697785
14051 61.23063142921122
14052 59.93041727403899
14053 58.92335502980087
14054 57.604985151587954
14055 56.41331130395889
14056 55.1763394013679
14057 54.0475324010812
14058 52.7657107007363
14059 51.40289851839248
14060 50.19664311418014
14061 48.861998214449436
14062 47.554890366020764
14063 171.71455376702033
14064 170.93953385042101
14065 169.81285682774032
14066 169.4491087840496
14067 168.02437603644992
14068 167.3862783716988
14069 166.93225642366465
14070 165.80481389809594
14071 164.8337988397143
14072 164.58382998567905
14073 163.75527038366016
14074 163.14816243682807
14075 162.07373923498054
14076 161.17927656158278
14077 160.37503243666032
14078 160.02824652501243
14079 158.89880168289702
14080 158.24828200024314
14081 157.37166065933317
14082 156.75866756383155
14083 221.20618470092097
14084 220.07049770608307
14085 219.53436659917358
14086 218.99476359424685
14087 217.7781634070877
14088 217.10239495249417
14089 216.57731652864854
14090 215.7662625398624
14091 214.54704941813281
14092 214.34946398811022
14093 213.33958671133868
14094 213.0129658400022
14095 211.7248999848754
14096 211.55361136677672
14097 209.94347435529886
14098 209.98831875895027
14099 208.47012319442763
14100 207.97133416828734
14101 207.5655034988036
14102 206.30070623480702
14103 178.6976466054126
14104 177.58269568161424
14105 176.5334518465366
14106 176.1317101590985
14107 174.69882931588486
14108 174.80904642323378
14109 173.39199175395854
14110 172.45242647007436
14111 171.97732200595942
14112 171.56331976479737
14113 170.74041288692047
14114 170.24475357579314
14115 169.16943379834106
14116 168.35841102948325
14117 167.71608327567466
14118 166.60376857602057
14119 166.4826387628369
14120 165.95119698578034
14121 164.50821817084318
14122 163.59952191638465
14123 126.13662489094192
14124 124.84858611184838
14125 124.20325542278623
14126 123.46778792212815
14127 122.31087491006025
14128 121.48165105636983
14129 120.48885799675917
14130 119.58082768560165
14131 118.78592013554999
14132 117.72079080210825
14133 116.98028310685328
14134 116.18978902856202
14135 115.55759025818715
14136 114.11424036579898
14137 113.45838496136604
14138 112.65483610684606
14139 112.05754928054009
14140 111.16007403249996
14141 110.33802638439826
14142 108.92197540245564
14143 229.87773183599688
14144 228.68115516690168
14145 227.83126146335331
14146 226.9290905796815
14147 226.36857962630054
14148 225.1803782527711
14149 224.5744193421326
14150 223.50520889291894
14151 222.4035145909099
14152 221.41028174828188
14153 220.43451629127912
14154 220.06256926548292
14155 219.04314455542612
14156 218.5389075625882
14157 217.3109187760611
14158 216.57200001231885
14159 215.75552055638278
14160 214.7034611308501
14161 213.64771453832668
14162 212.78760394845864
14163 149.8073699188725
14164 148.86503649905399
14165 148.41307353794912
14166 147.68000112279296
14167 146.5673920856991
14168 145.9258765594763
14169 145.30691407882517
14170 144.45105098436304
14171 143.4660101307777
14172 142.8343688344428
14173 141.3235470225207
14174 140.69106324158918
14175 139.53429508883383
14176 139.10456857837147
14177 138.09068851407363
14178 137.61345874142685
14179 136.46235645645612
14180 135.16902613099597
14181 134.90494168011816
14182 133.83408145474922
14183 186.21992455928412
14184 185.15297837777055
14185 184.16749167890316
14186 183.452779867932
14187 183.38753867003223
14188 182.78549939600728
14189 182.08199470024505
14190 120.35698349418949
14191 118.89170286603165
14192 117.03632302741688
14193 116.45991636618281
14194 114.3201254344146
14195 113.56886872817408
14196 111.64847995965654
14197 110.60157583435326
14198 109.66941794364485
14199 107.46591902862328
14200 105.96721453524428
14201 105.33613492541686
14202 104.17230481056781
14203 103.01177460084874
14204 101.45938421208957
14205 99.70017707667733
14206 98.42429923353487
14207 96.7530130434373
14208 95.44228964383277
14209 93.5740414826789
14210 155.90059901463067
14211 154.40856413388912
14212 153.63140074927128
14213 152.22427826618724
14214 150.9589022881937
14215 149.77773517350897
14216 148.02660838949964
14217 146.5822645690662
14218 145.1407378346925
14219 143.08860473826778
14220 142.51152491201427
14221 140.31652799316316
14222 139.50737467686318
14223 138.12650503087283
14224 137.0104489431412
14225 134.9880730048534
14226 133.34948545884797
14227 132.00685215274618
14228 130.54148880985954
14229 129.01248655260673
14230 81.38825036961381
14231 79.33828109088954
14232 79.01912185647497
14233 76.55969997239673
14234 75.63542920468409
14235 74.30410162180281
14236 72.68761038372223
14237 70.87599852097509
14238 69.83645661655865
14239 68.46714303591355
14240 66.55616938510346
14241 65.10989119130555
14242 63.31514296012925
14243 62.84380915472716
14244 61.39114554162307
14245 59.93414380035046
14246 58.30086609545688
14247 56.84734137079495
14248 55.22280713938459
14249 53.23955009748761
14250 86.03158492705225
14251 84.71178801923139
14252 83.72328723773575
14253 82.49876315706764
14254 81.52913099167203
14255 80.42732035999008
14256 78.98250507445148
14257 77.90167528288218
14258 76.61644839004057
14259 75.45904688480644
14260 74.71655848541718
14261 73.20227511709554
14262 72.2078101618615
14263 71.2320011708874
14264 69.83658885021852
14265 68.60046602901585
14266 67.65796608339036
14267 66.3603333577386
14268 65.20642797674513
14269 64.28630344404355
14270 123.22238754394093
14271 122.21704047906704
14272 121.27374630117755
14273 120.07927737157861
14274 118.63195467651163
14275 117.66067276158303
14276 116.45513746640472
14277 115.45655569865666
14278 114.24090512142202
14279 112.8675929638597
14280 111.99888686085946
14281 110.69659381831082
14282 109.49523823512699
14283 108.54970131108875
14284 107.09496846252547
14285 105.8784848708796
14286 105.05329015511546
14287 103.83760539680738
14288 102.33247790846112
14289 101.28600574803845
14290 87.12696012663547
14291 85.92867798314207
14292 84.49647431921562
14293 83.50617416399193
14294 82.18741132485326
14295 81.01203910766897
14296 79.92897885559643
14297 78.54248018441783
14298 77.50100107115873
14299 76.3608617629015
14300 74.91440433597248
14301 73.9725844656482
14302 72.8068307494776
14303 71.47199252167982
14304 70.69068017597372
14305 69.26640441305007
14306 68.09735381926853
14307 66.84354805641419
14308 65.69010324156376
14309 64.5426075835132
14310 91.1766591628681
14311 89.9681120109184
14312 88.87078098227946
14313 87.79411069608098
14314 86.83714104414025
14315 85.80001792455121
14316 84.60358976997166
14317 83.57144267316276
14318 82.37901756522987
14319 81.40030069047933
14320 80.41014713789696
14321 79.16331938030314
14322 78.21874831791196
14323 77.21683328770588
14324 76.04098130138206
14325 75.05794978301425
14326 74.0468015553146
14327 72.97426973945488
14328 71.87633834746416
14329 70.58411330166037
14330 121.26421426911313
14331 120.16826120222562
14332 119.08349896521474
14333 117.80476017248526
14334 116.907526788459
14335 115.88241393487033
14336 114.73273026445993
14337 113.55789889314775
14338 112.64946145827552
14339 111.34046612831696
14340 110.39450281951628
14341 109.22044226224311
14342 108.12271726846586
14343 106.94833364684898
14344 106.1127807259207
14345 104.97152821283106
14346 103.764002893259
14347 102.73474881192487
14348 101.50723482328856
14349 100.72296063264541
14350 176.30200901812313
14351 175.2244941585885
14352 174.20283210317294
14353 173.13272107073888
14354 172.2144606091721
14355 170.97936169730605
14356 169.83614683902243
14357 168.67783125001134
14358 167.84035258414718
14359 166.74775561018618
14360 165.443148105612
14361 164.5494073158011
14362 163.38427340463178
14363 162.1724194425253
14364 161.18689665209487
14365 160.1593651396178
14366 159.04139680832387
14367 157.9388717401067
14368 156.78205263003218
14369 155.6722500647142
14370 119.72326150624714
14371 118.53494314385118
14372 117.4702685123476
14373 116.01316370157117
14374 114.8314003471726
14375 113.84563751340521
14376 112.27033295703806
14377 111.40925507698456
14378 109.87272318642285
14379 108.93416327754113
14380 107.72286556611878
14381 106.53587551722738
14382 105.30695299722906
14383 103.62926824487448
14384 102.30339815376982
14385 101.21252615424525
14386 100.2014541169828
14387 98.99107023049534
14388 97.78383393887128
14389 96.21800779473826
14390 53.45573371196924
14391 52.396098122586984
14392 51.29394090369475
14393 49.91489260440046
14394 48.6971713488398
14395 47.52894775842501
14396 46.301876066466534
14397 45.00570433222668
14398 43.4909027924137
14399 42.53787097065478
14400 41.09935137533272
14401 39.834989734784415
14402 38.973108787335775
14403 37.39332078540715
14404 36.37530964450787
14405 35.21204761416758
14406 33.83089528476088
14407 32.69034915237037
14408 31.52121189575828
14409 30.164820965431797
14410 118.62018166385508
14411 116.95977096705857
14412 116.05457861966883
14413 114.97381216278377
14414 113.60311821481703
14415 112.15698508664623
14416 110.92820835632344
14417 110.08634269294544
14418 108.78930589524504
14419 107.63398483780152
14420 105.91096090067215
14421 104.79893388128704
14422 103.83793470110665
14423 102.34281574637019
14424 101.00493221359106
14425 99.81411125878164
14426 98.8010560503717
14427 97.6659824689131
14428 95.95479366093603
14429 94.70949271837041
14430 137.438420430412
14431 136.36364930515887
14432 135.3623101914538
14433 134.18262480362012
14434 133.14944772001448
14435 131.92055596596595
14436 130.506366806954
14437 129.63794827835662
14438 128.20394635469654
14439 126.98774115538966
14440 126.26203070636274
14441 124.74413212952376
14442 123.63013414233342
14443 122.51603249632213
14444 121.40394399750129
14445 120.37953799197373
14446 119.23090685437226
14447 117.9412340030401
14448 116.74937751178582
14449 115.90947738984828
14450 123.18791418048731
14451 121.8312093339973
14452 120.81606355003568
14453 119.96133127182459
14454 118.48477624539483
14455 117.44576851087574
14456 116.18729092453775
14457 114.99962316126609
14458 113.90765488112801
14459 112.79224417508854
14460 111.63900550102899
14461 110.35839208382319
14462 109.11746454681315
14463 107.86357892053489
14464 107.0782548502455
14465 105.7539189816757
14466 104.5318651132911
14467 103.3548308600939
14468 102.2003579552954
14469 101.08338715179693
14470 132.33291082829567
14471 131.339965382234
14472 130.26149671355392
14473 129.19802487123272
14474 127.87608337184696
14475 126.80373665588787
14476 125.35616006981851
14477 124.35379131737582
14478 123.38292233687024
14479 121.80270916312729
14480 120.46648910605552
14481 119.63586577163733
14482 118.51843054406999
14483 117.13108776320092
14484 115.83505196407963
14485 114.92276817967755
14486 113.61517494197113
14487 112.43489552200039
14488 111.44718777387853
14489 110.01459301988689
14490 165.75414593013988
14491 164.923401623949
14492 164.01890625868532
14493 163.04856643095826
14494 162.03809716373303
14495 161.1238023434836
14496 160.136091190368
14497 159.27533286083187
14498 158.4693636934688
14499 157.45773807455961
14500 156.5104994229378
14501 155.82421194197556
14502 154.90133428223427
14503 153.79377842248752
14504 152.89722263056282
14505 151.83706932677165
14506 150.98757910421486
14507 149.9388578846546
14508 149.08944426583867
14509 148.24942182168525
14510 130.39077881292556
14511 129.20044424716977
14512 128.59223259390924
14513 127.53202527758258
14514 126.53046302874004
14515 125.71029843526338
14516 124.63474413985921
14517 123.8687694194643
14518 123.09606717144355
14519 121.91332956368193
14520 121.24957460678287
14521 120.37739801145044
14522 119.27429361150087
14523 118.47720526374371
14524 117.34165554443958
14525 116.5913483949223
14526 115.53110605371968
14527 114.67779701163896
14528 113.6168892186815
14529 112.83823011047056
14530 218.4989375182952
14531 217.59265333711554
14532 216.67941576463235
14533 216.04592801502045
14534 214.86065739558694
14535 213.92712663855048
14536 213.0002260383807
14537 212.25271920865504
14538 211.11293230355275
14539 210.3851502483191
14540 209.30221591517326
14541 208.4113740711235
14542 207.5575572412997
14543 206.86250277990356
14544 205.88626989171587
14545 204.8383478806892
14546 203.80636245490467
14547 202.83555473196375
14548 202.27320984855578
14549 201.06472172515117
14550 123.88662326406889
14551 122.68846704804456
14552 121.6155995712482
14553 120.57169653260765
14554 119.0082927487911
14555 117.80299370144053
14556 116.36333115231743
14557 115.26221181916416
14558 114.07419458779574
14559 112.99384442627846
14560 111.74035732206534
14561 110.07182504524567
14562 109.16939278003844
14563 107.85578019179567
14564 106.8738340768443
14565 105.1728743882745
14566 104.3263614308035
14567 103.0219878998517
14568 101.5705339185302
14569 100.50129708110335
14570 113.46713054359152
14571 112.20205476575364
14572 111.28977757051288
14573 109.83900140152552
14574 108.81859964353454
14575 107.40001958679578
14576 106.00502313863362
14577 105.10985755427009
14578 103.58850852664557
14579 102.72961123643445
14580 101.22706129830296
14581 100.24239942539087
14582 98.45984672491932
14583 97.69172411575484
14584 96.53405891032295
14585 94.81079958287978
14586 94.01201924786805
14587 92.45725306974145
14588 91.49112668098307
14589 90.2935679985004
14590 64.44090354189039
14591 63.19092388092888
14592 61.95532497853981
14593 60.753882887284355
14594 59.44097139282096
14595 58.4164932261243
14596 57.100490579105205
14597 55.76231155555155
14598 54.293747046836764
14599 53.114913065308855
14600 52.252412803982864
14601 50.98813863320903
14602 49.269882631421446
14603 48.41557203436715
14604 47.05905904850084
14605 45.66229048548368
14606 44.28917478220937
14607 42.99103611770519
14608 41.9975536540919
14609 40.51395679925
14610 140.56368555299858
14611 140.25450807803992
14612 138.82235215197002
14613 138.2109385722126
14614 137.31882285964772
14615 136.29003418971575
14616 135.7306509054738
14617 134.45035350247971
14618 133.55181156643496
14619 132.98295334275747
14620 132.12306887617493
14621 130.88574553402466
14622 130.28249951504785
14623 129.07805613880643
14624 128.2985910073994
14625 127.66807370584296
14626 126.54572412819545
14627 125.83352110028996
14628 125.06991221668954
14629 123.60618056329385
14630 184.53885342058916
14631 183.43107837031027
14632 183.00820075689504
14633 181.75268834657308
14634 181.29615854163487
14635 180.25510470592036
14636 179.11553742990256
14637 178.610767057279
14638 177.4463464109092
14639 176.55096213628596
14640 175.79571245693228
14641 174.51657708437446
14642 173.76823017962053
14643 173.34258574726007
14644 171.90778580584902
14645 171.25681145710556
14646 170.31389545452092
14647 169.55774423907025
14648 168.79398733746316
14649 167.86578672726716
14650 215.70024506394932
14651 215.18931551661305
14652 214.47126567081287
14653 213.17687281730025
14654 212.19317244100225
14655 211.8857663132687
14656 210.79015803413276
14657 209.61176980054353
14658 209.0955694137195
14659 208.22628423254375
14660 206.97713441449977
14661 206.38271946279605
14662 205.24295913269478
14663 204.32330948030156
14664 203.76540609123666
14665 202.5090996654687
14666 201.85371121032773
14667 201.36015462871217
14668 200.061720705391
14669 199.43903196995612
14670 144.378831756682
14671 143.06696804943135
14672 141.94588215744847
14673 140.99554810830728
14674 139.650954851744
14675 138.3704463040697
14676 137.56055463281817
14677 136.07464772370304
14678 134.96633505225108
14679 133.64829493444105
14680 132.68403112160607
14681 131.24800939668336
14682 130.4235362370415
14683 128.95099842437577
14684 127.73493646650373
14685 126.84508055457984
14686 125.93304240730144
14687 124.22225737374535
14688 123.14697370573917
14689 122.35090118216377
14690 108.27683804167269
14691 107.73349151730355
14692 105.89031834220353
14693 105.13920124281431
14694 103.70675405420995
14695 102.75938995731195
14696 101.18464067289348
14697 100.42594888521654
14698 99.07945156772449
14699 97.76388639352523
14700 96.43710146818547
14701 95.03495122808532
14702 94.38076504988713
14703 93.13282284402588
14704 91.73754023128448
14705 90.9222302697787
14706 88.96458003118735
14707 88.15811116991637
14708 87.07639440789406
14709 85.61639946260591
14710 112.87273586977858
14711 111.60378977865315
14712 110.666214956348
14713 108.9004678768733
14714 107.78819980688436
14715 106.4652300843599
14716 105.50139610689563
14717 104.46368445084312
14718 103.11520258279477
14719 101.46344054516426
14720 100.20594125575263
14721 99.3984591152124
14722 97.82435263829963
14723 96.8177427651472
14724 95.75784199221421
14725 93.91663175304728
14726 93.22221192052358
14727 91.89598891442806
14728 90.10064402574481
14729 88.84478882262778
14730 169.3969943630054
14731 169.7383065969831
14732 167.79633568123444
14733 167.83049179214947
14734 167.18611935607146
14735 166.4538785017952
14736 165.19814808468055
14737 164.75943347269535
14738 163.44448587479138
14739 163.4203511726449
14740 161.85720329602148
14741 161.7738489343464
14742 160.32183808797407
14743 159.52546181713748
14744 159.039080328758
14745 158.20702577783493
14746 156.95996505723429
14747 157.14132953293912
14748 155.60385934942005
14749 155.52123136686774
14750 181.11561412200308
14751 180.19031058643796
14752 180.0318311723303
14753 179.06410481408003
14754 178.4624358584313
14755 177.35794157609553
14756 176.6632704777585
14757 175.71055642827392
14758 175.4980542604895
14759 174.4047840042849
14760 173.56972013106736
14761 172.93999220534323
14762 172.6802550033099
14763 172.1713046428045
14764 170.6121929962401
14765 170.28483269017164
14766 169.74693193944094
14767 169.42848729143697
14768 167.80890372331433
14769 167.12586551275345
14770 176.9390243771477
14771 176.06440323285526
14772 175.9394234452897
14773 174.63962430344097
14774 174.8920187644605
14775 173.51969316978725
14776 172.4440111089488
14777 171.9689737350982
14778 171.86801548426698
14779 171.2837932612147
14780 171.06560913260728
14781 170.0821791534154
14782 169.43901776134936
14783 167.95457224300475
14784 168.24544933114265
14785 167.35973517992753
14786 167.08199963962025
14787 166.3043241188545
14788 164.86804300673833
14789 164.75745938048712
14790 39.678053490950745
14791 37.474284106089094
14792 36.47544088779679
14793 35.03382229393321
14794 33.45656720852242
14795 32.11201906264914
14796 30.605971978432525
14797 29.288376221328903
14798 28.458927503234992
14799 26.38005480137399
14800 25.278931052613267
14801 24.19514985872815
14802 22.616751848960536
14803 20.821217398681085
14804 20.029019473376614
14805 18.22545645693978
14806 16.909647880632804
14807 15.514772869513553
14808 13.436565081785368
14809 12.302795729460083
14810 73.87540089205707
14811 71.70906770057758
14812 70.67155292557923
14813 70.00409602638962
14814 68.53085175511134
14815 66.74433285760402
14816 65.04128965785983
14817 63.56503534016085
14818 62.24912168544684
14819 61.37222364111482
14820 59.97394723951938
14821 58.26790141731517
14822 56.59284135291568
14823 55.924872631051514
14824 53.779119316641946
14825 52.69947867714649
14826 51.20010803760983
14827 50.29298563855446
14828 48.21018938974451
14829 46.62623602113693
14830 54.90982129245724
14831 53.05589394775112
14832 51.8138380718784
14833 50.96518832050858
14834 49.63458514801264
14835 47.98370041220564
14836 46.44295318642985
14837 44.69786234859326
14838 44.214648270173456
14839 42.16286931780292
14840 41.160682258018745
14841 39.90755686403802
14842 38.21859670708721
14843 36.94168682953958
14844 35.64670857078781
14845 34.31476541532952
14846 33.083976891470606
14847 31.625126742559033
14848 29.681655213574963
14849 28.580558323472587
14850 84.22955315492578
14851 82.9650108854738
14852 82.16122819574699
14853 80.67301714614784
14854 79.50523065899735
14855 78.47043820096405
14856 77.44034617697228
14857 76.10572111332903
14858 74.95324265026078
14859 73.7884161297099
14860 72.98866599150097
14861 71.46621028222073
14862 70.44850005653389
14863 69.36756863901816
14864 68.3567318068401
14865 67.21801763721558
14866 66.13909018840343
14867 64.67826598572931
14868 63.51549837038649
14869 62.67449739011567
14870 104.14363088222973
14871 103.0345698531746
14872 101.93830920391859
14873 100.5572999441064
14874 99.2135982297407
14875 98.27015822694605
14876 96.97134224827846
14877 96.13578606533139
14878 94.77656543074222
14879 93.63083245604885
14880 92.39446498119253
14881 91.11505497012354
14882 90.12639622070883
14883 88.93338438625234
14884 87.74497136802786
14885 86.56361156938908
14886 85.5784029950684
14887 84.4826970748582
14888 83.3049180570454
14889 82.22535187540801
14890 93.98565859459896
14891 92.58806927591448
14892 91.61340179475731
14893 90.66478009242637
14894 89.14723409500439
14895 88.15496122124831
14896 87.02223487354372
14897 85.55953440512947
14898 84.81934578419707
14899 83.20849181732335
14900 82.06083087381037
14901 81.16323061317577
14902 80.01451865761764
14903 78.87416745355131
14904 77.61133190142841
14905 76.25937690295528
14906 75.30044771946791
14907 74.15729380523071
14908 72.6888026495893
14909 71.46737350658465
14910 145.86188181087536
14911 145.07733744173115
14912 143.98847612404066
14913 143.0658780529319
14914 142.16612447574613
14915 141.52134660201142
14916 140.4727361142195
14917 139.94230010642656
14918 138.90860733013383
14919 138.0025481353299
14920 136.9962403833661
14921 136.3321331402918
14922 135.31348498601653
14923 134.6395605080367
14924 133.63050953266688
14925 132.82960893378828
14926 132.09072971724638
14927 131.24888706941516
14928 129.9046706465261
14929 129.14259789625737
14930 157.39692058527712
14931 156.37841597758643
14932 155.76216251469617
14933 154.3033128167393
14934 153.9345066489261
14935 152.92003629080307
14936 152.14802521775763
14937 151.37337818845512
14938 150.46046149607434
14939 149.80931046320202
14940 148.64749812335475
14941 147.49580830902025
14942 146.54539069683608
14943 145.90331185364042
14944 145.24590794177402
14945 144.44762760479955
14946 143.61353480582065
14947 142.35249216688456
14948 141.75655533735826
14949 141.01818287601228
14950 236.84589381681275
14951 235.96685510559382
14952 235.36570247812568
14953 234.34743552647657
14954 233.17265975044984
14955 232.64617946556316
14956 231.7179173962245
14957 230.76973731426156
14958 230.17351165699276
14959 229.02548405838468
14960 228.40070422018184
14961 227.73516303673802
14962 226.7790898809994
14963 225.58811550155912
14964 225.31906319408392
14965 223.8913746427197
14966 223.5639736063463
14967 222.08018897008375
14968 221.40774443731718
14969 220.7086854243647
14970 122.38580598550199
14971 121.47036339844026
14972 120.08006445638635
14973 118.97678124975977
14974 117.83208632809432
14975 116.72285884817798
14976 115.09693597016046
14977 114.26512823251403
14978 112.77614506555446
14979 111.60947005184794
14980 110.6293951837792
14981 109.09746738561186
14982 107.73327010875137
14983 106.85486950167044
14984 105.35717517844051
14985 104.23957646887307
14986 103.14319727903444
14987 101.78968380073789
14988 100.65727270892695
14989 99.40090249762264
14990 91.04763624095013
14991 89.8378042306674
14992 88.50978503876085
14993 87.44648580840985
14994 85.8659208024303
14995 84.92979923057575
14996 83.59040193403257
14997 82.39183855921078
14998 81.38518832250325
14999 79.74753877674586
15000 78.67084354593804
15001 77.51911382358718
15002 76.32653932409498
15003 75.01892537362754
15004 73.82116051092267
15005 72.32363497532671
15006 71.4034588320178
15007 69.9807947729463
15008 68.77052011835374
15009 67.47033327564174
15010 101.5378195406399
15011 100.41107674931493
15012 99.1014181358992
15013 98.047386904348
15014 96.8977794373225
15015 95.68651126845616
15016 94.21709000461115
15017 93.13684055951288
15018 91.82752993462049
15019 90.54189999099343
15020 89.50559323449058
15021 87.96029904198865
15022 86.67708391830877
15023 85.76073190234628
15024 84.29825580567076
15025 83.2160264993083
15026 82.1013689870526
15027 81.05713344132364
15028 79.53320539485517
15029 78.48682680812206
15030 204.43819038204205
15031 203.85895247789574
15032 202.69689843926477
15033 202.0869432875183
15034 201.14033170166562
15035 200.09673784981516
15036 200.00136743330012
15037 199.18047235578962
15038 198.28953873691486
15039 197.43459732503837
15040 196.2219713273492
15041 195.41767038406084
15042 195.04230755667837
15043 193.8046758607265
15044 193.4678422753796
15045 192.67021751461058
15046 191.90550932080242
15047 191.40172398054136
15048 190.55931815183237
15049 189.62110580307527
15050 204.73420805612477
15051 203.27890383077005
15052 202.42425904296306
15053 201.7737647338324
15054 201.1406988912424
15055 200.65275563889705
15056 200.2140610379513
15057 199.20642944140292
15058 197.76155894261993
15059 197.0307144727325
15060 196.433008588416
15061 195.44282302397883
15062 195.34974214912302
15063 194.3756964898757
15064 193.61623033932486
15065 193.00326035276348
15066 192.1041658901219
15067 191.5788216284497
15068 190.45426805668822
15069 189.47941912341196
15070 195.9116367404242
15071 194.48169757327943
15072 193.81197103659227
15073 193.5756411984793
15074 192.39095487061942
15075 192.53299504003786
15076 190.87937409898058
15077 190.11578206640212
15078 190.46015160805737
15079 188.97577924099627
15080 187.88864781895703
15081 187.78689408262602
15082 186.8361498638584
15083 186.51142603129458
15084 185.8764863422015
15085 184.6808681574596
15086 184.32188132000053
15087 182.74546561426786
15088 183.02549319677982
15089 182.21561843000592
15090 142.67658066318256
15091 141.60539710941737
15092 141.07937089295993
15093 140.35782022652248
15094 139.51332083048197
15095 138.3224407713122
15096 137.3485025908204
15097 136.9149983864339
15098 135.75833804493004
15099 134.62486718116037
15100 133.9693669886567
15101 132.83744882251798
15102 132.1188533859502
15103 131.2572178501587
15104 130.28436358115056
15105 129.69901147670245
15106 128.45417501499335
15107 127.85717696538511
15108 126.92131588848777
15109 126.15696370553333
15110 173.22070504428305
15111 172.1659449602498
15112 171.40480054734095
15113 170.28097802940235
15114 169.44011257368646
15115 168.7729706923494
15116 167.36676346702504
15117 166.6787132859551
15118 165.82157999552948
15119 165.24741395923044
15120 164.0788220821526
15121 163.5775180368977
15122 162.42392818950222
15123 161.4944909934726
15124 160.6769468655901
15125 160.0988135745013
15126 158.96460632316672
15127 158.50267331145028
15128 157.67934053619751
15129 156.39169353281784
15130 186.27117702947527
15131 185.12035695564137
15132 184.68265085479302
15133 183.62548085557097
15134 182.666322913788
15135 181.3800533561728
15136 180.39994468351074
15137 180.32040981321572
15138 179.405697668452
15139 178.20410241769503
15140 177.39766296838422
15141 176.59786980116658
15142 176.21150299320777
15143 174.5305782880986
15144 174.1748306217051
15145 173.16959370604212
15146 172.09678197201964
15147 171.6085117941894
15148 170.40030240902
15149 169.77070148329358
15150 222.95918227997717
15151 221.72463374767136
15152 222.62349512652227
15153 221.70318675766455
15154 221.02503020701872
15155 220.54770502129188
15156 218.84995138100018
15157 218.09955074865172
15158 217.66965669035588
